2018-02-03 21:51:31,999 - Fitting.fit_pandas - DEBUG - (array([4.74598556e+06, 1.34223295e-04, 4.68413390e+00, 4.76325044e+06]), array([[-6.13720595e+19,  8.68516952e+08, -1.82830271e+11,
        -6.13720596e+19],
       [ 8.68516952e+08, -1.22909625e-02,  2.58735308e+00,
         8.68516954e+08],
       [-1.82830271e+11,  2.58735308e+00, -5.44660024e+02,
        -1.82830271e+11],
       [-6.13720596e+19,  8.68516954e+08, -1.82830271e+11,
        -6.13720598e+19]]))
2018-02-03 21:52:49,027 - Fitting.fit_pandas - DEBUG - (array([-2.11518844e+01,  2.64050469e-02, -3.37924123e-01,  2.98419822e+04]), array([[ 3.04823915e+02, -1.10111623e-02,  1.29513884e+00,
        -5.66998432e+01],
       [-1.10111623e-02,  4.88127118e-05, -8.37461813e-03,
        -1.12590403e-02],
       [ 1.29513884e+00, -8.37461813e-03,  2.02977936e+00,
         2.79108709e+00],
       [-5.66998432e+01, -1.12590403e-02,  2.79108709e+00,
         1.50374063e+02]]))
2018-02-03 21:53:11,169 - Fitting.fit_pandas - DEBUG - (array([ 2.91755575e+01, -1.01963392e+00,  1.32772850e+02,  2.98378367e+04]), array([[ 2.66778241e+02,  3.03234175e-03, -6.09093220e-01,
        -2.86550223e-01],
       [ 3.03234175e-03,  2.83460254e-05, -4.93923000e-03,
         2.11795587e-03],
       [-6.09093220e-01, -4.93923000e-03,  1.17729554e+00,
        -3.36540108e-01],
       [-2.86550223e-01,  2.11795587e-03, -3.36540108e-01,
         1.34142238e+02]]))
2018-02-03 21:55:44,337 - Fitting.fit_pandas - DEBUG - (array([5.76094123e+01, 1.01732919e+00, 4.96081287e+03]), array([[ 1.09229755e+05, -1.03086585e-01, -7.26140441e+02],
       [-1.03086585e-01,  8.02191967e-04,  1.46218698e-01],
       [-7.26140441e+02,  1.46218698e-01,  5.49248641e+04]]))
2018-02-03 21:58:29,866 - Fitting.fit_pandas - DEBUG - (array([5.76094123e+01, 1.01732919e+00, 1.00000000e+00, 4.96081287e+03]), array([[inf, inf, inf, inf],
       [inf, inf, inf, inf],
       [inf, inf, inf, inf],
       [inf, inf, inf, inf]]))
2018-02-03 21:58:51,672 - Fitting.fit_pandas - DEBUG - (array([5.76094123e+01, 1.01732919e+00, 1.00000000e+00, 4.96081287e+03]), array([[inf, inf, inf, inf],
       [inf, inf, inf, inf],
       [inf, inf, inf, inf],
       [inf, inf, inf, inf]]))
2018-02-03 22:00:33,787 - Fitting.fit_pandas - DEBUG - (array([4.48932883e+03, 3.46712387e-02, 0.00000000e+00, 4.96508032e+03]), array([[inf, inf, inf, inf],
       [inf, inf, inf, inf],
       [inf, inf, inf, inf],
       [inf, inf, inf, inf]]))
2018-02-03 22:01:06,784 - Fitting.fit_pandas - DEBUG - (array([4.48932883e+03, 3.46712387e-02, 0.00000000e+00, 4.96508032e+03]), array([[inf, inf, inf, inf],
       [inf, inf, inf, inf],
       [inf, inf, inf, inf],
       [inf, inf, inf, inf]]))
2018-02-03 22:01:28,519 - Fitting.fit_pandas - DEBUG - (array([4.48932883e+03, 3.46712387e-02, 0.00000000e+00, 4.96508032e+03]), array([[inf, inf, inf, inf],
       [inf, inf, inf, inf],
       [inf, inf, inf, inf],
       [inf, inf, inf, inf]]))
2018-02-03 22:03:09,034 - Fitting.fit_pandas - DEBUG - (array([-1.10324618e+02,  3.95861250e-01,  1.00000000e+00,  1.77897468e+04]), array([[inf, inf, inf, inf],
       [inf, inf, inf, inf],
       [inf, inf, inf, inf],
       [inf, inf, inf, inf]]))
2018-02-03 22:04:24,843 - Fitting.fit_pandas - DEBUG - (array([-1.10324618e+02,  3.95861250e-01,  1.00000000e+00,  1.77897468e+04]), array([[inf, inf, inf, inf],
       [inf, inf, inf, inf],
       [inf, inf, inf, inf],
       [inf, inf, inf, inf]]))
2018-02-03 22:04:33,851 - Fitting.fit_pandas - DEBUG - (array([2.17514952e+02, 1.70058395e-02, 0.00000000e+00, 1.77920413e+04]), array([[inf, inf, inf, inf],
       [inf, inf, inf, inf],
       [inf, inf, inf, inf],
       [inf, inf, inf, inf]]))
2018-02-03 22:05:05,408 - Fitting.fit_pandas - DEBUG - (array([2.17514952e+02, 1.70058395e-02, 0.00000000e+00, 1.77920413e+04]), array([[inf, inf, inf, inf],
       [inf, inf, inf, inf],
       [inf, inf, inf, inf],
       [inf, inf, inf, inf]]))
2018-02-03 22:05:48,353 - Fitting.fit_pandas - DEBUG - (array([1.92715462e+03, 3.35167609e-02, 0.00000000e+00, 1.78169730e+04]), array([[inf, inf, inf, inf],
       [inf, inf, inf, inf],
       [inf, inf, inf, inf],
       [inf, inf, inf, inf]]))
2018-02-03 22:06:41,462 - Fitting.fit_pandas - DEBUG - (array([1.92715462e+03, 3.35167609e-02, 0.00000000e+00, 1.78169730e+04]), array([[inf, inf, inf, inf],
       [inf, inf, inf, inf],
       [inf, inf, inf, inf],
       [inf, inf, inf, inf]]))
2018-02-03 22:07:11,300 - Fitting.fit_pandas - DEBUG - (array([1.51213575e+01, 3.06257074e-02, 0.00000000e+00, 2.98390049e+04]), array([[inf, inf, inf, inf],
       [inf, inf, inf, inf],
       [inf, inf, inf, inf],
       [inf, inf, inf, inf]]))
2018-02-03 22:07:31,061 - Fitting.fit_pandas - DEBUG - (array([-2.04283920e+01,  2.51580022e-02,  0.00000000e+00,  2.98422111e+04]), array([[inf, inf, inf, inf],
       [inf, inf, inf, inf],
       [inf, inf, inf, inf],
       [inf, inf, inf, inf]]))
